AUD/CAD     0.96065 	0.96099 	0.9609 	0.954
AUD/CHF 	0.65744 	0.65795 	0.65786 	0.65188
AUD/JPY 	76.258 	76.3 	76.288 	75.683
AUD/NZD 	1.08396 	1.0849 	1.08487 	1.08112
AUD/USD 	0.7236 	0.72376 	0.72366 	0.71748
BGN/RON 	2.46972 	2.47607 	2.47137 	2.47396
CAD/CHF 	0.68435 	0.68469 	0.6862 	0.68287
CAD/JPY 	79.369 	79.411 	79.604 	79.252
CHF/BGN 	1.80965 	1.81067 	1.81863 	1.80992
CHF/JPY 	115.965 	115.992 	116.344 	115.616
CHF/RON 	4.46667 	4.48755 	4.48932 	4.48366
CHF/TRY 	7.9559 	7.9839 	8.01443 	7.77537
EUR/AUD 	1.64256 	1.6431 	1.65181 	1.63927
EUR/CAD 	1.57828 	1.57862 	1.57861 	1.57204
EUR/CHF 	1.08038 	1.08059 	1.08078 	1.07527
EUR/CZK 	26.31693 	26.36193 	26.32424 	26.07886
EUR/DKK 	7.44873 	7.45279 	7.45058 	7.44857
EUR/GBP 	0.90271 	0.90285 	0.90527 	0.89854
EUR/HKD 	9.21152 	9.21652 	9.23268 	9.16179
EUR/HUF 	345.752 	346.098 	346.662 	344.769
EUR/ILS 	4.03406 	4.05906 	4.04341 	4.03257
EUR/JPY 	125.303 	125.323 	125.578 	124.681
EUR/MXN 	26.53947 	26.55045 	26.75985 	26.48031
EUR/NOK 	10.63952 	10.64564 	10.67143 	10.60721
EUR/NZD 	1.78119 	1.78185 	1.79107 	1.77662
EUR/PLN 	4.40828 	4.41274 	4.41879 	4.39999
EUR/RON 	4.83155 	4.84155 	4.8322 	4.8395
EUR/RUB 	86.93691 	87.53691 	86.93691 	86.5974
EUR/SEK 	10.31279 	10.32229 	10.321 	10.27328
EUR/SGD 	1.62646 	1.62737 	1.62966 	1.6204
EUR/TRY 	8.59856 	8.624 	8.64925 	8.37501
EUR/USD 	1.18884 	1.18892 	1.1916 	1.18184
EUR/ZAR 	20.71242 	20.73042 	20.90055 	20.48609
GBP/AUD 	1.81938 	1.8201 	1.83501 	1.81832
GBP/BGN 	2.16594 	2.16698 	2.17634 	2.1608
GBP/CAD 	1.74802 	1.74886 	1.75206 	1.73991
GBP/CHF 	1.19663 	1.19703 	1.19941 	1.19108
GBP/CZK 	29.11666 	29.18438 	29.17134 	28.85897
GBP/DKK 	8.24907 	8.25719 	8.28792 	8.23413
GBP/HKD 	10.20274 	10.20982 	10.21577 	10.16526
GBP/HUF 	382.952 	383.404 	385.421 	381.178
GBP/JPY 	138.793 	138.823 	139.222 	138.454
GBP/NOK 	11.78408 	11.79328 	11.86577 	11.73006
GBP/NZD 	1.97283 	1.97391 	1.98514 	1.97178
GBP/PLN 	4.88282 	4.88814 	4.90568 	4.86678
GBP/RON 	5.34434 	5.36976 	5.37044 	5.35235
GBP/SEK 	11.42332 	11.43396 	11.48133 	11.35952
GBP/SGD 	1.80131 	1.80291 	1.80635 	1.79637
GBP/TRY 	9.52442 	9.55284 	9.60001 	9.26373
GBP/USD 	1.31684 	1.31698 	1.31852 	1.3115
GBP/ZAR 	22.94075 	22.96507 	23.24407 	22.65649
HKD/JPY 	13.59 	13.61 	13.628 	13.597
NZD/CAD 	0.88568 	0.88632 	0.88584 	0.88019
NZD/CHF 	0.60619 	0.60679 	0.60684 	0.60217
NZD/JPY 	70.324 	70.356 	70.324 	69.975
NZD/USD 	0.66724 	0.66744 	0.66725 	0.66301
SGD/HKD 	5.66051 	5.66651 	5.66258 	5.65392
SGD/JPY 	76.996 	77.056 	77.106 	76.912
TRY/BGN 	0.22463 	0.22963 	0.23139 	0.2283
TRY/JPY 	14.402 	14.702 	14.815 	14.58
TRY/RON 	0.55787 	0.56859 	0.57336 	0.56332
USD/BGN 	1.64495 	1.64525 	1.65479 	1.64149
USD/CAD 	1.3276 	1.32776 	1.33224 	1.32446
USD/CHF 	0.90874 	0.9089 	0.91284 	0.90663
USD/CZK 	22.1456 	22.1756 	22.1839 	21.9203
USD/DKK 	6.26554 	6.26854 	6.3024 	6.25427
USD/HKD 	7.74767 	7.75267 	7.74785 	7.75259
USD/HUF 	290.808 	291.126 	292.602 	289.891
USD/ILS 	3.39117 	3.41617 	3.4003 	3.41216
USD/JPY 	105.396 	105.412 	105.691 	105.306
USD/MXN 	22.32298 	22.33242 	22.60748 	22.3087
USD/NOK 	8.94821 	8.95532 	9.01555 	8.90545
USD/PLN 	3.70794 	3.71166 	3.7285 	3.69831
USD/RON 	4.06338 	4.07438 	4.0867 	4.06449
USD/RUB 	73.18905 	73.58905 	73.4157 	72.869
USD/SEK 	8.67416 	8.68258 	8.72054 	8.6284
USD/SGD 	1.36824 	1.36864 	1.37131 	1.36812
USD/TRY 	7.23038 	7.25598 	7.30028 	7.06554
USD/ZAR 	17.42245 	17.43627 	17.66045 	17.24762